image: /home/masaba/stage_ws/src/gvgexplore/world/basic.png
resolution: 0.050000
origin: [-12.199664553, 4.00293809925, 0.000000]
negate: 0
occupied_thresh: 0.65
free_thresh: 0.196
